XPZ112 211.90 1000
83
76
73
90
51
64
95
80
83
33
32
24
88
88
47
70
79
79
74
71
72
67
73
52
43
75
89
48
70
84
66
95
35
62
67
51
57
83
50
54
84
45
47
45
54
75
46
77
34
72
37
94
11
53
42
24
23
55
47
66
38
56
86
68
46
92
50
59
75
71
66
64
62
78
53
31
97
78
74
79
85
66
92
31
68
86
81
63
65
60
31
79
25
66
52
47
71
72
59
65
82
54
43
44
64
59
89
68
42
53
46
39
21
36
43
63
52
13
85
90
47
31
55
71
67
36
90
80
82
57
67
81
99
89
92
54
60
76
52
56
83
73
48
45
54
59
63
1
88
85
37
66
79
90
23
64
63
81
65
44
70
43
87
70
44
52
81
15
53
57
74
70
54
49
60
86
43
50
28
75
62
87
61
46
55
5
80
37
87
27
56
98
44
55
61
82
53
43
51
32
90
57
80
80
37
67
37
66
55
46
33
26
43
27
70
57
72
27
59
73
50
71
28
83
86
49
69
63
37
61
46
40
32
15
72
67
33
73
70
63
52
93
74
17
50
22
50
89
29
32
76
45
51
32
87
46
76
35
57
69
81
97
93
95
50
61
65
50
75
69
62
67
75
55
46
95
47
97
80
45
25
91
56
38
60
82
61
90
56
78
5
90
61
62
46
73
16
54
63
24
67
83
45
96
71
19
85
87
80
16
67
40
78
83
93
65
25
53
70
74
42
56
60
45
59
43
69
76
16
15
75
85
49
57
79
36
51
72
36
96
60
72
60
93
77
85
99
26
9
82
83
51
74
84
58
20
41
69
86
76
66
55
50
35
68
64
45
30
94
39
41
93
60
54
80
94
83
24
52
59
93
54
90
32
58
60
65
46
69
94
98
55
47
49
72
16
45
84
36
57
94
91
67
82
63
58
26
50
48
65
21
69
60
19
21
73
52
77
62
75
87
71
69
68
80
39
61
50
74
52
38
51
37
50
78
55
88
62
76
75
64
76
93
85
50
79
63
86
57
72
43
75
22
81
83
54
44
26
44
53
62
98
73
45
45
53
80
43
52
84
52
78
17
45
95
99
42
37
54
67
54
72
58
87
94
11
47
42
28
76
78
51
42
78
43
79
96
22
54
71
81
53
85
53
65
83
98
40
77
45
81
53
43
22
53
49
59
88
18
93
91
75
51
32
66
72
50
75
46
53
73
28
78
97
42
45
66
47
64
95
77
61
61
34
68
66
31
51
76
49
40
92
34
65
34
72
88
15
25
60
57
72
78
86
61
55
81
82
47
79
80
60
72
72
6
45
48
42
71
38
41
66
39
98
57
55
76
65
60
47
33
76
69
78
63
89
31
27
76
77
88
47
68
85
10
62
84
42
69
42
34
82
91
73
53
64
74
63
96
85
52
76
91
62
40
88
85
70
54
71
70
41
84
80
42
30
76
63
19
72
13
95
82
88
58
69
53
38
64
63
79
61
71
33
65
90
70
67
79
62
46
90
79
53
82
80
93
72
81
60
34
73
46
87
93
59
71
51
69
79
54
29
58
53
71
83
55
56
51
66
65
71
83
68
31
52
78
65
46
70
75
20
64
43
60
82
11
29
20
76
86
75
62
52
90
64
78
58
68
84
75
80
26
22
97
84
78
23
29
70
39
47
40
40
57
63
67
43
30
64
22
30
25
88
39
60
91
85
52
64
38
81
71
74
47
55
13
84
27
50
59
92
53
38
41
95
54
80
49
67
51
50
13
81
57
39
76
74
86
82
89
41
58
51
55
92
71
47
54
21
53
94
58
74
39
78
89
63
61
88
78
44
94
58
38
86
27
91
44
93
63
40
65
73
55
16
56
56
68
83
42
76
92
3
33
35
59
33
53
2
97
82
62
79
67
15
38
28
77
56
60
96
80
80
67
56
2
44
28
41
39
92
58
48
60
25
89
96
23
32
79
40
36
74
43
47
51
72
76
65
54
57
30
90
58
46
92
35
25
67
51
70
79
56
60
74
71
76
65
22
55
20
75
84
62
78
58
61
69
84
57
83
63
34
79
44
49
30
73
98
82
79
55
67
53
69
84
46
83
38
56
87
48
37
81
34
76
88
43
68
51
84
74
83
64
64
53
66
35
71
67
54
80
86
35
42
22
16
52
37
65
57
67
77
92
94
72
47
94
99
60
91
65
79
51
92
68
61
56
58
68
52
56
47
55
64
20
74
31
67
91
20
40
19
83
36
54
83
63
24
65
50
73
87
64
40
84
54
61
23
